19.7733974771
1165.16594173
565.258372124
1228.27917686
1212.61490595
996.259947951
891.75233992
909.450488368
508.393623592
905.73941937
965.209651968
2262.1515258
1493.21284224
1826.77582993
2438.07958668
65.1033019893
961.351494514
624.183388674
776.728819901
1110.14808444
620.364428889
81436.3872109
71053.2933409
15065.8473999
24441.2513709
17857.133952
4942.5136452
6049.41162856
38142.4043658
28058.1310228
16786.7231686
39573.9160294
19975.3492253
5318.76344061
19143.9113368
66593.9725506
59334.9971358
42895.7950466
15525.4628908
32798.4154652
52047.7140598
90357.2002254
29803.5050749
16790.0112281
35073.1914992
4116.23974357
17355.9532513
33088.4381164
69267.9185661
39067.9112094
37086.8153268
19004.8525801
10825.3398434
11836.3079401
3746.76351147
337.44069572
340.331680737
511.095212759
1565.02328424
2046.96993457
594.583605364
535.718224818
411.891952068
1305.32632764
1266.09315493
270.451317925
1188.73318831
86.256073261
