18.8075902467
1402.83332827
635.874046595
1315.9269635
916.100725537
857.169538215
742.43350465
1268.15942989
740.619641197
1123.94504711
818.825653963
1468.94712591
1127.77432498
2048.84156604
2078.03398315
385.633046472
843.766587727
803.700515868
751.561951682
828.773020841
620.887518194
83678.5623757
75318.9887005
12313.7824574
27844.202201
14033.8061641
10412.444633
4546.23970929
37959.4988593
48929.5829981
12175.6685785
33682.5076233
17681.4040103
7751.9215671
23265.9951424
87691.7208942
72320.5155714
29715.4592568
34667.3047717
30886.4054989
48478.5354646
68770.9117153
26242.2825847
16318.716605
34015.4275082
7732.41662603
15330.4357581
43235.4799133
87215.6109979
31210.2226512
28181.6295039
31314.9313211
6649.55546726
10981.1259783
5254.17418427
1348.32417857
853.893846282
587.709487516
948.387836697
1791.85687372
375.238431725
236.411892365
295.205782309
1045.1681836
1071.49806956
346.222020637
1063.03105712
107.403688375
