20.4583828551
976.174905387
686.39299348
186.01966566
972.075033097
696.70655317
887.026623712
360.17746068
625.836300021
319.427889174
213.225328487
1373.05784777
976.223861873
793.540358501
1466.20160912
233.444393869
1201.23362718
310.227330355
249.636134259
850.611445979
222.618174192
108005.060345
88200.9320512
156141.283874
94767.237129
20151.6249565
9697.02184103
15347.8523702
75883.8590925
31563.5851703
65067.9646464
110527.989269
24942.0502862
8683.28780379
57742.5264895
21967.5434886
44113.0041824
71748.2202808
13804.7365384
33484.4359919
58291.9723104
31746.8153228
69999.0661125
65105.3853348
7460.99734969
3605.57371368
12612.8784734
14745.9702753
146111.471379
125635.739447
128281.404894
47151.5461899
30980.7939545
26678.9322431
7401.41981595
2960.19394378
1370.45915262
1915.10256795
1269.75794957
1562.94944044
868.358665243
1014.45191829
281.590113944
438.993864168
160.338050935
582.137773658
1162.80112677
611.484186889
