27.3003653107
878.279485485
483.272695807
643.45017488
1188.58921452
400.08988387
810.539040768
501.754718411
546.189010318
584.736559859
182.437082243
593.074696324
562.693010399
1060.56414511
873.077987374
261.27265812
946.353918012
360.963256244
302.926382428
792.242016813
233.514724547
66649.8930652
137624.037292
200141.597294
106287.490816
30030.2559038
17398.9062779
18739.0066906
71677.0079895
32454.8463732
82195.1805252
115067.409318
38271.6737217
14512.6444381
50783.271883
80551.8631599
98137.2782746
71660.9795685
57908.0746147
33876.8525019
51283.6833579
46506.1976389
65898.2329623
51355.1452956
9855.66526505
11219.3417826
8138.32046349
15240.6953388
132514.745178
170235.486983
143337.128602
28846.7167773
27888.8548132
32538.5306269
5623.37522012
3535.27374459
1001.14589691
1846.82506172
688.923276374
1087.25607517
705.425155595
773.188064466
184.544912862
421.718754059
272.742377579
726.063838304
1175.48356459
467.689953727
