27.9005119855
827.321482149
353.002202949
831.524526952
1061.88806982
260.491382189
1058.64562539
352.814380394
269.423850788
562.286604636
302.386961698
830.149637511
687.576554028
892.080476697
277.400973584
484.016285137
490.890416671
615.075925575
588.171453752
487.682425051
175.334845346
26310.4917872
147487.190329
208497.070573
114318.767869
31674.8638247
21181.1057981
23030.7950487
63154.5919133
64355.7712377
113651.142883
106957.03877
40658.4876397
15101.4954321
49076.023501
108872.662125
144476.415468
57859.8997129
67306.5712276
26816.4558176
57621.719691
89022.9137067
102011.536868
15899.5507718
15087.6864377
18953.9824409
4425.98597036
25555.9452689
137156.109589
170566.737285
116010.58636
19928.2300062
16998.8953581
26704.9662066
2321.46249003
3855.61440468
1038.70625636
1153.9819219
1066.2977321
186.501309187
376.878174144
712.170236858
458.642214173
302.107629291
161.01103385
880.553358219
875.74821379
181.810641364
