24.6953727337
932.668200943
438.615925572
644.003733456
817.778454679
934.027561431
995.181152044
175.312863568
282.809833787
287.659156915
529.941804732
1532.89086878
844.941731754
642.100707219
980.855849371
561.657313291
166.858973541
710.122228665
770.553645587
158.186560245
144.847065811
38683.0963821
127394.953199
167749.659399
98636.4451954
24113.959022
17074.1991964
25001.6418133
50406.1818211
89326.3039216
149267.108297
100753.275708
25032.7918999
15260.8140605
53850.1458342
74552.7059716
138680.095466
39200.1441048
25598.7110387
20596.369157
62413.8603186
118375.772888
142651.0921
37224.5608541
17766.5276239
15641.9712061
10484.3509702
40576.1119433
122211.887642
115750.894455
50579.0065765
18277.6738825
5360.81139646
11065.2429015
2310.33724122
2741.87250807
526.52415092
1487.66009287
813.509502812
845.75508291
149.033167452
666.673563868
669.422634022
325.017311078
160.566339048
879.396853924
416.741498844
97.8630388058
