31.0528522576
975.81690802
339.964525845
280.485794352
591.611509657
1194.41007749
449.873649166
732.682004225
519.389309886
451.284118821
512.190855064
1232.57151712
590.678238712
1112.62206866
905.099547048
382.016289628
583.462857626
517.401117136
697.485746521
430.525339328
249.312858759
63710.2584367
148464.807049
86760.0419408
62637.0069217
16033.4570163
8000.20022084
19773.3986545
34803.8591819
150165.853547
169666.888373
96453.9656769
15335.5430702
23396.6934986
53679.1964641
134582.822884
118074.025409
30402.8320071
43498.4469756
41537.9876128
47413.9243572
92528.2791373
131252.112344
62856.9165682
16343.9956576
4745.42228857
8210.09381733
54900.2887973
71442.2740431
31675.1227148
57390.697119
26878.890508
3340.2703601
4891.49107967
5466.85608248
544.401145414
1514.05332271
1987.24657393
393.105581874
950.352091422
430.039513813
503.510774583
781.055530468
634.682190963
299.693568481
693.239304363
263.740896077
200.489827799
