42.680207935
807.786452127
25.7521537647
297.976706413
341.937908806
837.232734918
333.470191962
894.423349053
619.887570452
512.667531111
205.315944708
353.219653112
592.462105254
1258.52233671
239.411103465
114.975639498
565.007240715
283.313810557
310.308351862
616.566823055
387.766435265
80415.4893032
179670.469675
26701.9090345
35029.600031
12196.9309615
1297.65243814
8502.85956883
20799.1736909
217958.171145
153715.156678
85553.6769994
39847.2346937
23442.7050686
41064.4118676
254748.603974
108859.595685
54871.8978201
79785.3243014
48819.0916404
43268.2367481
41302.1331259
125860.118083
55184.3289442
21103.4101174
18289.6346035
10428.6875661
59088.0071461
119581.250905
33008.145714
100308.433978
27902.4262375
1705.41512909
10387.2389397
3813.85548529
1170.66548418
2056.05192086
1115.48374992
1361.41510027
362.26276047
429.757461126
518.40643346
717.431533035
776.887522417
266.08114569
527.458306655
446.763773197
107.988108821
