46.1860276979
542.191871533
395.790629735
294.126889422
232.516153061
338.668679122
727.766580612
585.847708468
653.381923565
259.334821843
212.812895592
924.190735591
553.732847972
644.713769451
536.111051419
452.658979221
79.9826399436
335.463026251
209.186525373
554.527469844
490.740228936
104588.219117
167438.05801
57608.9283855
23199.2105735
14735.6177853
3467.06311871
6237.83995609
15281.922759
231611.757238
101461.837564
67182.1239771
39426.1153217
13153.1190701
19593.6406852
297728.164007
89333.4556151
50011.7515469
45374.8622319
23346.620091
55663.8370975
101391.544655
221464.588877
57171.672484
25216.7227758
23967.8727201
19300.121519
37807.7501511
223698.869665
40690.8895
87816.036785
9910.82605736
6059.24018729
7940.9232028
3973.67940482
1069.39911388
1006.46002283
683.148345213
1270.12887779
897.02685837
98.7142526732
506.867078187
428.021381956
574.574274836
129.704388681
594.527378084
464.229167002
302.409406618
