39.7785627661
424.930588741
522.360363186
317.476321953
141.951241402
644.773994299
580.430422787
301.0883811
490.832304785
302.680039039
376.513433295
770.14254919
408.913153907
328.123222758
442.451025606
639.360335444
660.408791071
309.44958697
455.309870028
312.34558938
539.653388316
130284.289606
168014.741344
40865.1249616
19241.0137113
16731.1003178
11454.9878133
8919.43881818
24193.8681556
153961.155912
50315.7287823
36886.5581362
7688.01018305
22212.612562
30952.4558407
239087.144839
121219.572096
29414.4588006
26919.7766119
28254.0258307
46855.2269861
121248.601987
268529.162492
94490.5289654
24119.5205196
14543.6157311
12546.9937556
58804.5041561
255405.049372
38570.1413611
44056.038219
40138.5223349
9578.61393161
12336.3607244
9236.75306683
1453.57578557
1833.43304261
1369.31156991
610.634691203
971.289379154
488.68041138
576.104585789
269.356107836
266.885737538
90.4108127632
623.034764937
329.841729666
540.300202585
