27.5222137632
394.31118642
360.277186266
417.476626253
136.133930321
724.616609461
306.701877832
127.7565013
251.8121207
266.431158045
471.909531449
516.020026552
1089.28165482
659.347741459
667.605124814
424.60017746
823.867083215
457.491741783
207.166013683
151.205426777
353.305752711
127096.501507
168528.743648
38450.1242703
32646.8214781
16631.5655297
17850.289805
13534.0294886
45374.4530659
5165.74720019
57671.1526553
24315.6075709
24570.25292
17710.8301561
48295.1995209
102187.700944
98783.0954672
73022.6436772
51380.1033952
40663.65476
53842.6215453
53455.9325478
189318.584108
93792.2075831
30541.2453041
5700.51127773
9696.58436964
144054.167371
174686.776983
58862.774559
1044.28061054
49157.866063
18888.6875443
7624.01200745
10951.3609627
4145.74966506
2137.54825472
1828.27463738
943.464945506
344.741650148
447.973770944
884.093222991
449.07388586
422.097992605
309.801525405
454.357408332
150.132919394
636.671214573
