9.43086352555
277.060847714
187.978038598
197.65035062
109.674147953
610.349246607
354.715658714
678.703310474
601.361511235
797.59088
520.607284086
712.290805351
867.148831489
470.578283398
521.462946273
123.024643062
302.428069654
723.663858189
358.081367803
328.336437406
242.801244733
96619.6452711
131688.491621
53188.5066726
35378.0771785
44163.606184
14192.9178512
20852.2317616
66776.3234983
108663.359099
91781.2077991
25425.8402284
22525.013748
11104.7652137
42336.063191
65243.8547636
28555.166961
36704.9887361
25246.2831374
34126.8997163
57129.6975652
74412.8776986
60602.354764
38108.7017122
16690.4585921
6702.95810646
18932.7958291
195192.923379
24847.2378723
52851.8178757
52004.9317028
65447.099444
24475.7605441
22369.7183793
19696.7886827
7923.50648878
2632.20319915
3784.06396424
1355.11969667
302.396164552
374.35653219
696.664360652
333.842815107
401.482451047
392.989512832
197.178951617
257.239795001
653.708111766
