17.0641627486
1575.02036989
733.619494595
1301.24405541
460.388803599
606.07881146
622.216926239
1469.90342742
879.825532982
1216.83020063
555.838804236
496.303983139
856.319131484
2272.56768546
1412.45574152
734.617905942
633.135412915
912.57804
835.629371565
723.55861393
541.669769649
86274.0900515
85689.7777236
7337.21750468
31423.0880896
17947.7478306
13433.8526484
3661.08938124
36905.3906948
61521.394488
29459.1693859
22774.2169184
14495.7712893
10710.2335463
28635.8397416
101919.705238
96654.1242825
7700.0295063
57434.810421
34827.5808461
47723.1615177
36683.3085143
20257.4193393
11581.6514637
29732.7284457
15884.6148551
10586.5178196
53311.9756423
93305.4170585
18577.2447616
17975.47658
47542.9382081
7120.01445441
7457.24206828
5891.99858972
2577.04796263
1840.12544836
470.876851767
696.828807946
1427.42014492
743.591999122
202.555948763
196.89493575
675.59072736
761.103539292
401.420745491
965.238256629
244.622124524
