11.947766474
159.657886258
449.300569378
258.093263512
229.194126815
288.750459185
367.590728626
793.024049846
625.265318452
935.055911828
254.676240866
128.832843881
624.388850401
334.996357304
539.296839001
501.862279073
535.57638845
871.715216426
613.04744079
372.155791023
523.552174644
140160.397364
103168.162385
40407.4508449
17382.5387076
43347.6768064
3205.75489724
18299.7961197
67688.777877
90572.1258132
69653.4893507
16282.9573866
28739.679064
31220.4716425
42195.9447587
114159.024964
108056.77265
87028.3127668
48580.754951
46018.3234138
47710.8644249
106543.310672
68292.6610052
26525.0729908
19011.9733733
11860.7521738
7088.77039134
173140.055025
112955.414199
96591.6192365
77467.4833229
91551.240819
25937.0520757
33026.5250415
24725.4622447
9780.11452908
5009.15847643
2962.82568675
1222.71530503
1390.21536986
1153.86496439
246.920681981
197.458493276
312.293590553
291.23562023
58.7215557345
244.772856965
647.022376079
