22.5398036604
148.976585088
489.369128531
103.07882022
301.122914947
478.942439011
281.387997968
329.576143581
560.820823496
329.246248158
184.489508221
460.751917758
811.153746378
246.663814163
683.890979135
287.345002552
567.256812317
565.193142283
584.550220378
369.868000481
118.073347374
235818.283527
101006.213932
40976.2972879
42511.8509778
30792.011964
19235.8166093
5841.32709488
111968.918602
150710.939657
35098.0710267
26333.3240106
33849.5249689
18114.6435694
25093.6066143
159081.898705
67920.3989321
91169.8312995
28944.8337605
6918.63986122
37670.2534936
106879.199021
75040.0339593
50309.8598197
27998.9146213
6384.39866759
8862.91886878
81099.4992019
118965.021698
98351.7587346
50645.8044028
47388.851162
35741.5456243
16586.9238049
13846.3859948
8128.41312757
4373.01715701
1079.34947956
950.151662339
1827.28691026
1035.14493723
281.176179536
296.648853813
461.040227286
467.783297218
290.375701054
55.2951585256
563.074881178
