21.356098404
207.273230953
274.317391639
463.603275549
327.805827351
572.956120331
89.1977655238
616.921904624
260.808408179
124.433299954
131.263758377
20.3021739512
212.850225515
199.519626104
407.500522442
562.869542335
21.6829327714
286.788435343
536.011045902
138.915741212
739.028035177
292335.615375
103621.005685
23753.8126945
74001.3727199
44264.4492011
9050.2036111
11801.4093007
260085.878834
141995.388618
58029.7908948
9108.19362146
4163.73027707
3638.96151209
65117.2602764
322345.351275
91673.1911626
42060.5338378
58848.8948282
41756.3007355
57666.9744973
237640.836973
95158.4077702
112112.887123
30167.417831
11170.305784
5028.00057639
53079.9426163
54596.8960533
29907.955095
33227.3277471
20444.5189656
24897.1752351
7872.57486586
2203.81074094
4197.42936381
2529.25621528
1807.15496982
1964.26778428
420.730766507
667.278262891
64.6751863055
354.537731664
478.233714932
351.788072106
278.655817636
314.747589598
387.304904606
