24.4248025958
387.648520008
650.540892346
561.6774666
310.742108233
157.632754409
226.053817807
358.501871024
568.386683305
417.906126943
146.069493018
359.965480759
544.711694175
465.191631425
693.445525239
793.647506262
162.747380922
500.094143546
250.236085436
403.878384233
519.518766987
277025.040623
258170.837553
108644.9241
82035.0993067
59414.7845703
22711.8818431
8232.98796074
344918.600514
68025.8966529
6690.322618
10358.399968
24312.9016028
11379.2488883
159777.838524
140108.657372
66730.7908046
96603.2787748
22980.2316194
17817.3923898
49109.8584087
188190.74956
79833.545471
56691.8101879
43295.4537949
11081.4439946
6172.71631008
127957.872261
103048.91464
39255.2182822
14167.6895544
4860.04006179
13050.8634847
8515.72093327
5575.04866469
2528.69296901
2720.87277621
952.495569777
150.967371733
1840.40255601
907.403343805
209.711284223
191.055230854
383.109687012
336.538186566
277.791340492
273.815999315
389.287682282
