30.1637510618
220.347759931
527.794890932
153.300825417
174.716749637
364.182688944
180.48403887
357.192006828
511.716109929
423.473386187
205.467911469
677.951665465
280.604739127
359.901357482
597.377229774
323.690784253
350.156137579
221.083814294
84.7662137034
274.730339725
463.458228729
161374.903963
220845.221334
93522.9681694
84743.747118
49684.9788628
18904.33289
9269.60962496
244741.899805
20551.9941774
24447.5176885
57835.9278199
45811.7410129
10691.5677978
245446.913912
112123.657736
148247.915251
84383.4009591
77196.5247759
64188.3055592
65578.1571205
205268.416211
38266.3244244
78039.7460759
17030.375397
9636.11121234
16304.9403694
74351.0531115
61733.1813627
9496.77728545
24356.6530555
36165.1065615
33043.0497135
5920.20495719
5097.02362106
4488.4889663
2767.65222238
582.244160194
1336.64959444
777.151979892
447.779678328
287.126988837
353.887410259
267.094347867
429.462848156
447.892111612
103.69861563
345.170465129
