29.6387072895
131.275134964
408.667971999
320.767520469
325.041933871
453.633519373
486.079057999
230.956413661
395.508585729
526.525296368
440.300079415
305.587963762
372.881183238
527.062359809
666.749758003
218.351782007
352.788169375
258.425175364
101.376108062
541.892302684
340.604153867
47789.2785814
140878.848481
37028.8730133
23152.7174401
20374.1221794
11829.3394468
5288.36904485
22532.2067657
192142.740349
92371.3617681
58397.6533327
28585.4176463
29960.7001946
229925.912429
162139.210073
31360.4118745
88605.8846136
2887.92046563
67041.6563406
34141.1631491
220413.923163
56827.9375249
31032.2126567
10882.2903638
20919.052693
4076.34029996
42079.4074299
93179.9562396
35804.5782631
76621.3610457
17977.6466598
32070.4715889
10167.6434376
6872.84418286
3131.33347053
976.05769696
2974.01244892
1840.44171931
732.67931256
273.854883102
111.342516049
220.56894578
147.702226309
307.315291196
173.818853028
220.418530422
356.98665314
