30.8074554251
239.435563113
399.571238488
268.880600002
148.542724627
330.020478215
185.974545895
273.91031082
283.68449335
569.125905909
108.076372746
463.8738306
658.461678912
454.864653832
345.312857893
198.900251773
119.053406645
119.940453243
127.209526524
223.865116213
362.526425071
160044.781637
188772.424898
49162.3091345
49492.9577518
18100.9592626
4166.26310685
10634.2404924
125943.160554
34718.1520964
33046.0205333
10583.2943462
16958.4658074
8230.54183129
106761.839054
236405.878
61459.6086656
11705.3949645
29151.3205534
21914.2852252
67094.3045225
324188.53276
108542.912535
94561.6179003
30266.1874498
9302.56107639
25924.8499171
110779.564808
95032.6206715
43165.3504311
57111.5547209
6734.23184373
9306.25752063
5022.96996171
3475.29484244
616.121131781
708.957640095
673.405797619
1407.5909556
879.881919969
387.111308238
319.875789208
271.237757175
289.774832256
231.918106594
115.351419609
170.907811213
231.095996747
