17.3947330979
577.296822688
255.140916954
202.541104148
363.135956967
266.675353603
417.433912619
218.313975273
569.099046991
350.412344303
580.355163204
792.670133849
414.468803574
227.371998357
358.427191903
292.510075948
290.656575744
274.335917906
308.427150886
379.740138358
238.958364214
82403.9135958
66004.2662721
103314.12934
34941.6821338
27533.4937641
10864.8708054
9026.39476614
32605.4246589
202086.247852
41891.4493399
26643.5952827
9558.9199543
18319.2957279
39501.4288004
151136.242312
88171.3762262
30526.6373217
44504.3743276
37031.7777172
50006.838527
113372.259546
165258.392784
12883.654932
7971.49689196
11607.0222872
9249.46806577
129486.857567
61487.8469246
31774.9234241
36936.8589004
28986.7146698
14963.4168204
2880.661278
3264.50948057
3868.52008208
2512.47573779
2277.72269597
1299.3907667
626.064933344
306.444693029
235.633228616
195.833203587
58.9322535149
460.408056072
145.730187465
98.6295589481
94.255360685
