26.5110095038
294.637043151
378.963504648
94.8089620489
31.0404278914
357.14867835
145.831832672
188.104631959
347.081664751
200.302172131
464.321036416
431.837438722
114.438481846
664.528942619
343.411853521
529.870683214
505.932011164
276.241816604
90.2162482513
174.66461337
572.818133695
136951.510342
107443.644334
32679.9024384
27050.4933344
6693.12668051
27286.178751
4842.63272606
166853.798924
136120.88414
93223.8157775
48701.7937729
13738.3207893
20251.2004702
106124.822287
56967.9245361
98112.8672441
27564.6423544
65546.9231186
34605.2707437
49972.0197654
127487.506895
74359.825014
62373.6297117
20592.9920607
1677.80504303
14108.9940175
57786.2632277
44628.9581371
32912.365224
24678.7849455
14839.4423019
16824.8103675
10802.9129241
6746.77810009
3292.81170005
1233.72845711
225.631922333
973.484466158
1054.11867498
229.616015645
217.005638761
254.985895251
257.101236161
234.309926277
237.999840931
255.626886855
325.430568188
