20.9141743408
90.4832212109
430.35111052
89.6411027925
422.499309833
417.022238027
265.294716346
173.477617816
89.0232727969
273.972060842
69.0130218353
552.360106122
629.272483736
296.386362171
164.959536886
180.665552462
287.770649716
340.549888792
222.442389738
390.996692035
432.964142891
77810.006654
68851.9067953
88139.6498855
6265.78912297
17310.2818835
6842.12445384
5640.86100548
35422.9602439
43986.0741548
29028.3983741
28631.6485841
29949.7725723
17177.5632228
80418.8998138
143765.706539
41478.0288511
31302.6480986
15647.2773487
31194.5527579
47482.469003
151141.207945
45208.9341528
29613.8993046
16684.8369911
10187.4934368
3942.26041314
57275.5340604
31197.8447235
24893.7846995
16176.130505
13073.7914207
13099.6248562
4094.0064753
2654.52907357
2206.24187233
1237.85023075
958.430421377
415.563108797
874.794447437
459.830013429
181.1479757
118.356637538
138.666384453
220.11729875
569.880183047
238.031666933
139.941869783
