15.8772419617
1627.16352013
801.081964259
1167.4999678
604.290656676
478.335509745
480.835574692
1434.48297909
927.34646752
1112.15449046
237.787940223
599.693996865
841.593875196
2278.42918601
856.776718121
927.308905831
397.741931274
958.060294108
984.949903734
806.422078382
444.64852978
90860.3563047
95252.870206
10205.6092636
28534.8523788
21169.7615
12932.7016319
5219.69762049
38319.9034514
58925.8359243
40726.4486497
11841.9900383
10315.2664924
12256.1573415
31980.966214
99454.8305896
107648.457951
19598.7105254
65932.2263186
39270.546365
51219.9374808
25291.7080159
23300.7548317
2315.69428858
21670.226031
20324.765775
4543.55232153
62745.0417077
83189.817134
32171.4690927
30091.5509535
56902.3489473
13167.7308001
1634.54541914
5424.57346583
3301.99230513
2504.45035062
153.821378791
1064.16190131
1178.94244608
1104.56923974
488.082025933
242.847781268
248.542636027
481.132046264
381.813931564
921.031944629
389.308637076
