27.8859942861
424.529044852
164.569637285
88.252834029
190.071217097
170.515190501
446.883191609
236.406173533
216.46515329
207.342302777
352.20061339
386.371516509
152.071321494
79.387702713
845.40875471
346.884058594
332.941150025
376.555209078
122.849188001
97.5829114153
433.945196518
256087.387389
66406.8456285
34112.4652611
27750.320501
32834.3459411
15509.7061122
11212.9431547
182413.071415
95773.0784132
53186.0521642
16651.4514836
11363.3831291
16301.5623598
121651.058478
143118.336254
82284.0762792
51972.9599295
18376.5519369
19837.4471071
58846.0893438
163234.148594
125050.779529
54467.709396
31289.5138552
12916.2438872
13536.0276038
96565.3501136
78849.9495557
10570.2131345
34270.4107062
21103.588295
25258.1695531
6490.28006857
2021.14583948
3762.83902368
504.533537061
1203.4208728
1436.24165545
514.527846632
472.597391288
744.7862814
139.864531638
180.685919901
532.294090257
248.645879586
554.852282436
523.010584572
