35.1416598378
455.057151797
66.0283410939
376.251796428
377.061509421
273.227871677
167.383583153
258.596641481
492.50281247
208.230225164
205.906009347
558.316998817
130.087019719
581.443182344
310.794683407
203.412845563
122.474093692
461.895507185
285.650858459
647.081927877
219.686657039
186303.461273
67536.9340227
140116.10132
29681.918509
45106.1002457
5600.80694513
6701.08826289
135698.901584
141256.518323
148046.727407
45244.7497242
20459.7178046
6441.33778139
90853.3439203
75218.3629916
38968.5187748
86074.7726431
57779.4020373
45183.4186559
62559.063306
160305.271766
70763.7829857
28640.1334089
13363.0733799
27770.9764538
12952.9973839
38872.8922817
93192.7832416
33370.1465827
36782.1259192
19629.6307558
21276.231735
12748.5573556
3221.51226076
5411.5734818
3169.00173567
882.604221359
1382.1691722
870.990764981
795.575761948
210.800300162
525.489014811
124.528139461
340.846405815
507.465929178
108.156634862
237.616917552
