13.8751656127
167.90546588
160.269140394
145.076740208
606.016251114
309.087242181
96.2003597651
550.328985237
212.873037532
256.575221965
401.286894528
336.887089263
27.145041857
144.403722856
579.237331214
100.982907466
157.902565118
113.310346938
165.210999772
145.019512743
252.444756651
221866.651185
176694.197103
19117.2547045
41547.0735892
26445.3418127
7815.35594694
11397.3281736
275008.669204
123452.031642
70118.543508
29668.6805107
20106.5787559
26486.2372058
205499.352484
70544.8925192
68170.8045785
46183.930474
60035.3773724
47058.3294335
58821.4977022
168860.110382
99473.098001
13359.8328803
16708.1488639
18844.0513678
17700.143788
280515.289907
113352.21604
21197.9613061
67994.6187801
21584.1405751
16705.7628409
13042.2256312
8767.51990097
2457.25377974
3177.30903888
1512.06404179
2348.66698282
116.044658569
603.462667645
367.302389063
385.571966286
408.537028507
132.199336533
178.395147846
224.956729189
446.838011163
