34.2616000412
71.5803577059
99.0209186978
106.407569819
378.854556085
228.387107856
112.856226119
48.6409500527
200.150680243
308.127082619
161.287032536
195.528953474
480.798052155
331.21655311
562.803425018
177.096709574
45.6684178203
343.208159864
84.274425033
145.992761789
248.02046593
200592.717509
145813.911225
52779.4406585
38447.7781561
33072.0365755
14220.9506526
6339.94204908
134954.086171
99274.3051387
63673.7027683
29954.8564021
18643.1834497
17337.1415413
197106.983223
154645.835548
96656.9755769
58583.1004757
37570.1994337
38097.7402434
52653.94072
277529.509348
60131.6455451
6856.37455206
21074.1140953
23327.6360401
5207.01978957
200170.123297
55373.5624521
34438.9147667
34398.2953281
30079.4161127
5425.40143067
9580.45680858
6410.93255607
3476.56144432
1793.75478034
2242.85892418
360.812401997
196.011721915
469.099830983
226.721816045
347.11800104
212.167510303
76.9248452023
339.593069235
150.477676411
182.362495463
