61.1834497068
54.338556941
386.107631127
60.4949473309
221.4998642
315.138203771
61.718780257
264.137181965
605.328710082
372.49516258
209.44208881
199.569348438
337.081189063
496.022765518
134.091673102
100.155583579
76.826708315
189.885344854
178.596723722
189.989807968
310.145094437
154636.824582
63756.5362012
74246.5385261
32146.0448419
18288.2014706
10809.1469881
11693.6854407
119160.634411
21786.8707774
50660.9289277
24702.246743
4950.52404674
8007.57183051
149388.010571
134978.218163
156200.912504
100461.889037
58943.8152723
21272.135097
59203.4002187
253221.66291
62357.9680719
38145.470624
26224.9607122
6294.75160746
13632.6570547
97699.15682
38952.1756968
23841.1011051
27420.2968023
20287.821814
9000.50035716
4000.67166566
6510.57998786
3393.17590152
1198.30363434
1103.99837463
1224.44374561
660.142861973
236.08104883
111.27034784
259.350008585
70.6883193939
280.128190781
379.744307629
92.6287697481
348.081381743
