22.7219076833
91.8355720403
141.455077932
153.890740583
123.417889047
215.708708456
234.299948459
83.598059931
158.841948638
221.573715823
183.442796902
79.35509548
282.012968017
90.4950978506
92.7297646488
168.814992778
197.834141292
128.687714455
475.158250263
99.4494877097
220.700240597
294341.772498
27503.1929829
14118.4887266
49447.7969648
33331.2557654
13165.3823184
12468.0932596
207181.941392
53075.1403211
98135.0007353
16370.006743
37628.5505251
21977.0095273
145937.800397
136711.474708
151036.662652
78593.683253
51353.2726825
35920.571388
58445.8676779
114490.131011
8860.86642214
25807.2925047
15594.8041503
28553.6828105
8980.96270864
76875.4608616
76612.0899308
12981.660561
22609.4214361
24312.1007143
12110.3730399
5123.51202904
4223.41989778
2683.10169447
2522.8927066
135.425483985
845.722637319
313.108496822
403.009112627
503.702383778
332.072339392
287.802984764
18.6764982017
149.185860444
288.337330924
59.9996106493
