63.5780232517
249.783361892
522.252336964
241.283449847
270.76204855
349.575745375
118.077369321
141.392170939
240.674755779
212.649429178
92.0426148524
497.282586877
88.6602535112
313.299339904
452.56350187
257.408814867
232.539180472
334.714468809
122.564767993
148.922863433
326.299888883
234146.221246
108451.624109
21068.235976
29611.204825
9538.42628307
817.552223985
15972.704757
303399.569658
177444.957068
1280.44160363
54197.2336887
22334.6824782
10617.9739878
156622.287596
68853.6177829
48991.1473346
84744.8521959
33423.8559924
35215.6372124
74650.0453228
152598.336525
90534.6785802
57100.043838
47774.472394
30478.3717302
24247.3936568
119658.641226
75776.7816573
47482.5310737
8182.26751591
15991.7342031
15252.461703
6659.3500751
3336.68796703
1603.19389735
383.87917948
1101.29389509
632.955786302
96.427553143
370.329958215
385.138997289
172.645385688
291.900327225
175.932851544
134.989372823
391.953123263
182.000265914
