28.0837249323
144.601121087
113.341010324
85.626351543
102.450300839
60.689289519
279.010567377
118.052947389
300.721352292
143.80778886
322.927073045
108.259363931
169.291195754
370.997751133
420.5861279
213.202623162
208.540526168
94.0410542366
125.582367039
116.05733399
290.032757378
89610.234654
45833.9738818
14085.8556748
31252.1422986
22260.555077
7840.24028497
6349.63822518
175408.876625
151339.54051
28827.5766235
48033.8711728
8387.80303099
10399.4357899
266049.614301
84945.9354403
78035.4249604
46706.6013906
23846.2887745
26444.3050927
54775.353632
190674.145187
50112.7872352
38476.674164
9955.26173376
13412.0163361
20543.0462649
229830.357831
34915.5115222
27594.1604343
34872.9220915
16258.7675017
12506.1950251
3892.84739993
3748.61854663
4479.89695408
1646.31839936
2232.83130364
306.366461529
1247.18559171
458.363550342
466.489727881
234.569600451
269.496452395
284.31522984
108.337715179
267.660062166
357.550850281
