32.2760626102
72.0324461274
202.073500816
105.471416829
160.029020926
52.0854939472
221.127345437
465.87438836
141.308134658
32.1842890145
351.000018572
341.400786372
332.106782192
129.460253032
286.493452303
122.318644278
84.212339949
284.555050597
199.714034529
64.4313474524
40.6591422377
60801.1581876
55866.7191639
53644.0396837
23968.3229007
40911.8843253
17646.3073042
5458.98529088
63674.2416094
117445.321113
70781.8373301
39575.052533
26540.075438
15211.5568302
216694.772175
104143.60605
91655.5398357
40536.8586898
56238.7148271
49786.4821277
48724.1720709
185134.514609
58825.9484415
63652.5376754
20431.4164709
14431.8140588
13260.4813355
167943.25772
144663.27279
20288.9057606
33184.9694335
49015.6082527
10989.2575453
11858.3575444
9003.68592332
6325.21991939
823.563739053
1845.51160178
1632.87164645
290.01366128
300.980491413
230.133720727
433.711239253
244.209196705
242.687817513
206.826477372
188.550726822
85.1028631202
