20.2113531168
377.499746191
124.889900188
272.490271668
337.877588097
84.4692207753
368.052923318
200.941293355
92.9354865837
70.8182759404
237.211315115
39.0139900409
377.791564436
372.763343569
185.163899181
329.261588866
207.618683693
307.827729653
454.046332281
239.434818836
286.698029349
223827.702558
131335.699736
8037.98143697
23574.7574945
12709.3554674
20814.1704029
18332.5454047
49363.217558
120993.995638
78522.4144963
51744.0022166
21776.8184111
20938.919124
65205.8893606
155617.380317
100544.231041
74263.3823089
53214.5771319
45857.4119554
69548.7934916
157243.42139
103076.329973
30377.2906433
35758.4927262
17881.9245407
5335.62017609
148652.635705
62585.9787934
13396.7471109
40395.2710632
13677.7946081
21676.3475645
3955.93309762
5218.70060787
4687.88575291
1364.3794717
485.858809879
751.359205297
789.924924215
163.19929053
138.202819451
217.931689172
229.945250518
191.610820868
295.301323984
262.537375777
110.20007774
