17.3520549092
1520.87632411
780.130069309
956.024563169
1236.50691116
696.997041117
230.840826283
1162.81160591
902.673679242
853.765990765
308.315004319
1387.29510561
914.423687821
1975.46455359
1059.33645582
927.170485701
433.242220969
943.120916209
1143.48287831
889.534293971
425.690614008
99372.6766017
99454.7667217
20058.4600471
19320.7434306
19662.5938809
8728.34867291
7433.88652178
44831.1688688
38107.3931492
40740.9380187
17113.7821327
5467.11205264
11022.1539129
31095.4709631
78086.2945915
93786.5231859
44677.1264344
55262.8406424
39505.5826093
55734.9151833
58311.096775
36149.719897
9447.16741721
11980.9137807
19767.1335716
5383.46066518
69995.0223277
56563.1692356
66042.6524674
57957.5145588
53807.6359913
18540.6950101
5889.62451304
4176.69407545
3227.93315869
2626.02457144
332.436425438
1268.30880563
1215.87035125
1266.25538818
698.227621522
443.092953756
239.541981891
555.298412234
283.198079208
892.040468733
489.334912222
