15.111285834
88.4564054441
269.260478456
152.10704292
249.999428453
336.866629159
511.681995898
145.628508324
164.990729429
203.389017267
63.1297602624
238.08482806
184.867457682
372.05343759
253.032877958
318.189771126
125.606233938
164.266457628
76.6870824709
191.870050751
189.727962755
179671.350251
81749.1355276
31009.2915908
57919.0220628
41327.8461777
24848.5742481
4691.03808036
210978.463519
125707.329624
30488.8786743
34464.5752511
17199.0088725
16227.5327166
184967.879044
86276.8829336
91349.7910171
30679.4998464
35555.6806287
30146.8586078
50312.7337489
106644.02737
78122.6419151
29711.6587261
25782.4089007
10315.5996453
10233.4624309
45730.1267026
79150.0890652
49569.5087161
35995.59481
34171.5150172
16819.5798854
6043.30406165
4419.39995704
3841.73205305
1789.08705706
1589.67194114
632.466532214
739.417378586
253.08085872
181.395583805
254.197622936
93.9262293292
93.1618065832
318.634550034
467.386259569
178.412047744
