10.6225685695
83.2414478788
219.534570594
310.565337692
271.694886196
264.722056675
246.097844517
151.488943813
338.961501072
191.974906973
55.0101123409
79.0351842841
344.998581897
261.32668541
481.584468669
99.7043371423
274.744504815
233.608302865
130.229040985
111.090806668
317.294754736
129349.008272
94113.3180948
38364.8170118
61968.0282773
56837.5808581
21177.1424519
18524.856806
186988.940287
145960.107966
67423.1939054
22348.9839045
38872.0066002
11309.6137409
93391.7288315
206658.494634
179050.40449
93213.9321156
63020.8909127
55746.1850132
66181.4555339
116924.661378
60682.7137506
39513.9426655
19267.1297957
20697.7481678
8160.906328
139670.081997
54946.8398522
24170.4289196
24768.7782054
32778.5513807
18481.843827
3241.7062882
5819.29802917
1320.50656274
1381.05784469
1146.98923968
968.266700506
597.76389892
559.92132067
298.807832547
218.864486279
269.445012268
110.952245343
116.27353065
32.908233834
186.731207653
