57.6645547923
65.544787894
158.278755065
101.736962882
39.3852166858
290.811987415
466.329570487
70.0532434163
36.6292653662
184.939868713
136.713043163
103.215464287
266.824187166
37.4150744045
108.360060355
40.1250323512
194.073066382
166.337154682
264.481023001
91.9825026387
178.83498275
61356.3392123
62739.7739201
19640.7989475
27471.5792288
43960.0991965
15759.033334
8433.84703045
133170.773994
31264.2038001
76675.6186735
38267.3880232
23704.6668974
34652.9623384
271907.555852
99021.8831823
133769.466042
40633.2070668
63276.4642002
50637.038178
42880.4594936
144729.176506
121103.199037
41918.7408672
22437.8698617
5810.65047138
14784.0726508
193881.351137
158366.908814
88112.0778017
49461.7811864
48648.1849312
32133.5265126
10931.7081957
5151.16829551
7171.19825987
1479.43894141
1542.70002772
1897.66869144
1177.64883526
383.248524366
314.303073211
212.238167078
51.9984763722
154.182950817
282.10203744
119.449705789
40.6983450377
