41.3791908902
292.358641401
230.109584014
248.020635314
259.175780411
151.316950372
180.928650685
64.513152041
421.659375049
172.678535841
111.622987868
116.484227155
293.278237215
283.64283724
1.56856307733
342.242256581
106.160350227
110.294659284
309.630990608
170.36915662
25.6054219054
68126.2895093
97824.1923774
18515.3423618
11319.323329
4641.02475799
3986.39585365
7851.52746311
86802.8018423
101384.956614
21694.5385411
13969.6082083
26545.8020027
4428.69307404
162512.270433
15288.3104396
55815.5313633
37989.4778384
31031.1984638
17619.6892358
68083.4653501
286716.968578
66168.1086457
22827.6664279
24349.1342686
38271.5452473
9028.53538185
234477.455762
69243.0454521
52353.1470793
40781.1917505
13138.7292063
12644.6777271
10980.4921461
7559.48875265
694.623716025
3108.28661022
2093.55037432
737.883544282
611.111899506
351.973903533
90.1063808194
186.658616309
164.377167261
107.170527569
118.466144352
136.220339993
307.967087164
