43.9263347929
175.680582434
135.575407742
135.116080647
191.493131278
193.056354393
133.119978626
75.2037210488
119.756863831
102.05175712
180.797403669
434.637102273
251.607710868
169.605692378
375.824101733
134.487397661
131.783641414
85.5782401267
207.555856557
136.909878552
67.3129661664
105528.481322
87206.0568694
76844.415917
20796.418779
30873.8896658
3552.66888128
14660.2340301
174364.584212
60100.5887928
42133.621955
45687.0291848
23258.2433017
13511.2486947
66069.1188601
182420.500995
124783.128015
89705.5229161
51467.504083
54952.6695514
76396.9630439
87565.4364047
64296.9048936
38707.4169202
19343.9122122
16194.6139843
16245.7908242
253941.050057
72971.4254129
15879.3323107
25525.1877982
26619.7724714
2336.38569442
6045.39263604
955.448477394
2586.79075949
2057.06630793
1172.73544936
1019.90419517
157.540788837
544.314840068
241.391878857
171.130056907
79.6306591528
84.8854170099
228.683001128
262.759050801
173.063318915
