36.1653753788
206.188484783
326.697713303
178.914075929
171.338866339
262.895488336
126.736281225
226.661299797
129.079547134
69.6008604581
108.916296577
119.199523888
38.2370046757
198.971313184
203.31774451
316.650498386
27.1349599848
258.696890632
190.399937769
252.544267293
74.3326165434
226842.416291
161507.24627
112454.303562
42961.5024445
34530.8827418
6818.81813395
19794.6007667
144673.790511
104370.710357
52350.2118036
72076.1735646
37022.7236515
26258.9309087
93015.1367297
208373.55353
149659.264518
107022.924627
68072.1515275
62688.8684093
86021.7067626
21828.1642522
65536.5513987
59359.6835908
21307.2842086
5701.99712222
13397.8003998
243240.358686
93972.8293795
31064.9068451
28036.8107797
15102.8711454
29471.9609613
7435.70350295
5718.45677963
2835.87839847
1359.79191873
917.471297451
1118.72931769
800.199076297
582.88730124
396.262212818
101.516615929
118.436340861
213.733040936
34.4705496795
109.715092361
174.126338092
