17.7790421588
127.095741968
72.2555939058
109.633859264
74.450168903
146.400026545
68.3829381943
95.431183762
224.505506415
180.076914139
75.7566762091
292.005906556
388.760952098
136.181078501
36.1068378013
113.983077709
201.270558164
361.640083572
138.493506107
117.15499052
277.765463015
301910.94242
187950.537419
113124.160911
52089.266992
52526.8970632
14561.8410594
20605.1132583
235802.476174
113462.734434
98804.8601662
62596.9803252
24135.2043303
14900.4140402
91937.2123791
187129.893423
127808.797149
110688.082732
74255.9289675
63785.0605818
89989.8724868
51172.6180908
48520.8117195
53204.8045727
20040.1526283
8916.91426915
17927.6110937
68267.18329
42910.454079
28557.0032521
15419.7341498
30008.809449
14693.8542595
5991.37544168
4954.73400851
4056.38718611
1315.874869
686.260321085
1376.61419281
516.058633638
222.3933348
228.451336915
45.3494848159
170.465916409
189.397682292
150.227280916
40.2939538003
161.09054205
