23.9096582627
188.460988326
39.6949363992
172.664977129
212.660614762
106.817154343
93.3690961464
65.1698925669
164.97132213
115.308516619
353.189919326
121.107433814
127.033496487
332.620149374
156.015616469
87.4869470003
78.7229091379
63.9971559004
160.340132449
89.126463478
85.9180220224
446423.184174
213160.453731
74550.3890082
65840.5715138
26037.4279212
11812.7077127
11257.8682273
81130.3980203
72789.363846
7956.89028001
29249.6795626
30332.8010797
13448.8665872
99964.6759313
157681.442391
66627.0210751
104847.530556
35195.7534454
39286.2238424
70914.9517224
15429.9925815
60972.492168
72939.5652101
29866.4361989
14481.4816612
20664.7807197
86003.8007822
41781.8021749
43328.9290932
14829.7504868
29618.6082102
19335.4731138
9267.39124417
2739.87646224
1879.83651417
2008.32377457
914.589934735
283.158258157
435.392760552
385.117941491
121.640658792
294.407202069
91.3436157738
62.6918696265
303.873064609
259.067816658
211.005943363
