35.2554255386
222.706012145
324.266633966
174.758680686
221.44168645
217.335329204
159.116498608
163.598299138
371.321106102
71.0490640699
155.119309626
166.725259585
83.730730162
275.046951946
243.433065477
206.989299504
50.4338183559
276.265500033
143.975967196
35.7021368738
41.7857406921
644412.925999
294040.101428
138406.405862
135524.826229
39428.2739823
35748.8606078
22994.3219616
271344.878966
170010.549715
99432.1146082
64094.2861332
49088.8168143
48263.3930497
110973.766419
106218.952189
186386.638182
99306.6427355
87601.737373
72302.1338562
38952.7586773
178355.139316
68989.2817495
29452.1648186
3021.7023652
20191.8487646
14363.9157539
181645.527104
118791.828279
151773.830289
75686.156493
68301.7938213
23389.1755552
14856.4178592
12802.4448674
9387.5578428
3778.82187297
3202.91318942
2661.22779696
1398.1536687
1180.29344044
540.296810635
335.530704735
229.229839327
182.690694844
113.054904588
161.017424936
200.61632709
