24.2323500275
82.4562064904
191.22223972
157.512444048
76.34331537
127.073036475
48.3775944989
309.420625554
105.141088013
170.521923898
216.045109119
51.9285102287
107.849116242
112.424467432
158.563209719
141.455174129
73.1616789422
101.3413035
93.6379317173
41.3556215337
28.5035131346
728566.569848
307231.126671
243771.901451
181593.273587
61048.6074222
17649.5787694
47629.1011443
805080.252742
473431.33718
111064.919245
207624.37211
121323.227747
66809.3538148
254579.284694
322541.600977
319537.314805
158500.48803
128600.234091
119883.964817
118133.262833
244611.426237
39643.3345841
38368.8451317
50607.410362
16050.7162943
22813.2703341
191850.960956
146571.253579
15063.9375609
68649.4938648
43117.0772627
34558.7721583
9545.63519156
10209.2877035
5999.24637992
4455.97242471
2429.15547693
1680.40724869
1518.48950548
772.90575135
397.149123284
122.605275249
125.922630479
151.10900735
342.950190605
251.843903585
96.2515726664
