21.2612295781
1252.39755427
629.685751474
789.174986241
1709.32313915
947.682525684
164.673467869
771.695901013
814.841003211
664.002757134
585.331986961
1736.01849155
807.840431881
1416.7999839
1381.62455214
737.285549751
761.67740021
861.792985117
1259.21510432
833.141537962
474.35509284
112431.036276
99582.8140017
26365.664397
24741.646196
13238.6191879
1826.00238687
8165.34594552
54911.0648063
14595.2531955
28723.4140565
26653.5767338
1541.92871302
7076.48903361
26785.4502444
53416.204997
57990.5729336
59056.0013857
27091.2849242
34808.2263456
56406.4120025
83815.1524397
44039.1718344
17323.4604312
9327.39934605
14119.0071385
10073.1990736
72632.2954081
34340.7090179
99022.571213
85251.5932299
36347.8495952
20235.5636941
12437.1879884
3843.48586654
2261.31526286
2166.83568204
737.527340068
975.378713641
1291.34143336
1187.61825321
799.073470573
676.482585081
596.840434378
821.844052474
183.464644761
792.855871515
506.913714885
