27.839735792
193.388833976
115.463122424
115.75131015
66.2223090519
323.680759784
253.24705508
36.1954978736
133.836577973
151.178486272
161.225263768
221.544664689
289.370621973
121.44707137
271.002287852
214.6785519
174.945887994
138.010401747
254.604821745
324.166983375
20.7802087555
69524.1675892
428891.66178
223039.743083
323489.559083
186213.613312
125062.469871
21311.958734
398666.789745
366064.637393
291148.090428
124068.190884
110320.153789
74568.1879587
563808.300436
183537.33033
258301.615398
156376.620038
171875.725014
130239.620601
18958.1483846
226603.788544
123134.202261
1815.88777988
66044.1374187
24805.218749
13379.485156
59501.4279881
182543.948237
172249.355903
132223.9605
79190.8035804
56858.1362191
25857.8619528
16866.995239
13301.5017459
4215.75325696
4329.27202461
2953.37774597
1801.27217658
1398.67556944
649.745616763
346.807067845
238.359681176
206.439358566
86.2420727619
96.1694614404
45.4804115498
