4.51741016409
216.30125763
106.097243818
98.8856027133
102.341623872
112.594727251
90.2500647154
418.426066965
160.703857301
164.956876816
142.237495377
363.224741217
232.093460252
296.793164025
141.431443545
186.22006948
251.905700958
225.858823641
79.7950781027
243.804687218
175.150780489
6568911.4063
7564541.98331
3506042.44481
3065376.58521
1359863.0584
847973.052334
922779.879994
476450.461006
478542.948219
477082.238905
301517.469931
246505.191319
112383.337671
884828.27127
245813.941781
153098.944847
113236.648076
54655.4055956
52073.0164577
90850.6546113
517715.295181
265535.943245
84198.4068466
115867.317366
39848.5488037
8283.93484285
225946.200946
113118.293482
90897.2824978
104039.290163
73461.5746742
8043.61290971
16444.522147
5199.65912086
6305.09130616
6652.57089465
1491.18693467
400.685926327
1359.57015052
954.25484992
319.580483808
293.09963061
96.326845447
268.553474616
40.0336299476
48.9724471937
159.841682065
