21.9187126345
221.381030883
164.62137996
132.390529662
164.957737384
26.5987725668
222.194770211
126.906083621
142.992427919
45.5254340851
208.029682614
200.451071903
286.470513544
52.6700909712
156.413784713
118.707398304
150.965771964
142.141903001
238.977151919
140.562588584
99.1488571138
622048.427897
762856.883882
251647.135888
183077.6296
109077.037616
14824.6888568
59693.4759582
6594900.04476
6092964.3351
5072981.74954
3904424.56665
2688895.58729
1447516.79535
593290.255806
1011031.30225
841632.231909
468662.422032
309550.240779
295100.233379
243637.455131
710600.324541
175675.422616
209169.639493
156836.023825
55296.1126245
52040.8293242
283357.370317
111630.74618
59522.4296971
41718.129437
34868.3759201
45807.0340705
12393.8297245
1104.87207575
6235.70535049
4911.44127632
548.252999572
610.724986272
1345.79667639
935.166079656
189.611081592
231.197500946
205.807807033
135.877449584
51.4042294192
99.6923383012
157.374735484
