14.7449665663
128.133315462
190.158984769
202.804366855
115.54368618
104.193543492
250.762868295
117.250817442
125.379626804
77.7048559882
126.510356401
215.257029111
323.214820245
111.770412093
83.2422273264
71.8592647545
140.463644154
119.086438436
167.434486796
138.237807309
62.9106299174
593017.561891
354106.248606
82697.3863864
53031.7301571
110156.411475
4502.08184402
3857.87171684
350648.67159
361941.168378
205579.21455
156579.38681
151190.027915
39169.1690728
6021214.25008
13147389.0529
11027705.2556
7499948.81769
5860108.07843
4520192.79178
2820832.9358
2110544.0842
559510.409272
490571.503443
430050.541015
195638.241454
32638.6756188
380512.582962
165826.094245
161746.54724
99591.8354896
74354.2423055
54364.9263414
30170.0176442
4529.75600775
9925.7665286
8457.36931172
3565.7860848
1372.07661695
1286.5870662
1091.63758432
164.05908179
89.3511290448
314.561671929
60.1448322875
159.55868532
204.848884106
218.624797893
