12.1666600004
55.2239043012
68.9134262742
30.2176771297
158.339377979
180.996260596
105.935778909
184.997986521
136.538134952
151.51680348
161.118369572
230.262397037
97.2148142515
223.589459275
204.218579303
95.3034792605
101.548928185
165.843603118
108.141914544
113.949071264
115.86677144
278242.95054
127184.863814
44451.9012318
18098.9186997
35334.6778707
28696.0947363
19125.1049541
275784.977355
183543.141469
110573.771307
144463.604258
78417.6450926
32990.9996485
1154461.81968
283319.308542
371935.826836
326892.946213
200411.539188
170665.370368
164032.949007
7720264.13442
3499572.05637
3729676.39085
1000121.17484
729288.42744
1072195.63777
1011107.59421
1451086.05097
971565.568825
640875.58485
517118.794169
80505.3188925
139650.41779
78708.5770917
36054.9593219
45677.3648329
9344.77234295
15019.7939537
11284.1916134
2769.90666128
3946.05047536
1444.92079414
550.206412517
925.737387384
128.379349719
155.102715852
43.9915446869
