21.0675847142
37.6333274668
84.2943427811
184.66862948
161.187381622
200.524060373
119.266540999
62.1766956846
149.034234327
178.464009063
96.4701111444
319.986503324
113.405812158
128.034132211
222.442297847
185.082342766
114.261257578
52.6498645864
41.1769522726
186.811884765
24.4776548067
210075.196747
206290.947883
172144.03595
93148.9262829
28811.7255223
13589.2912713
20094.9834271
80414.0423514
214351.694172
131096.872447
162045.145604
98368.8591396
55439.8845624
640026.423794
505395.04718
462170.797377
392845.11526
273903.538549
217328.660915
146623.423039
741626.343424
211921.478958
338329.695398
29414.2298753
83572.8584902
88518.2178316
6425345.01396
9860063.01879
8882607.67551
6837977.78285
4693534.06586
2237329.04356
1237586.01966
917892.882812
617321.504106
309937.595693
201773.619211
140680.639325
91379.5293478
55963.343911
32040.7910286
20407.7729751
13087.2997261
5918.69692442
2149.35076276
1806.80773557
1122.79922838
