37.993198232
122.894919812
104.189152994
147.598882139
161.431812822
42.7299126446
205.637245115
142.299536194
83.1657227017
66.4001132782
47.6338826304
157.054382377
166.76008072
78.6070464238
128.255417438
95.6350956972
110.737567942
134.16056597
125.374934925
114.408340283
55.4137794765
288042.656209
102554.553354
48872.5511788
31192.4601135
8333.01607487
23681.0172659
14639.1209248
281445.493733
100545.520165
104541.198387
93469.6776311
47627.5961939
12445.1740837
130461.275733
238192.309083
231313.452892
169174.766588
93376.203263
75789.0175964
99469.8361115
462799.57112
77860.0210454
67925.7371692
51116.5160257
12549.8063319
17289.303219
854763.743745
1053920.73944
896204.982856
745529.970347
537912.542498
284721.900229
131159.5399
84161.5164254
57894.7172844
34691.9200297
20692.2813295
14249.3965712
10421.9767789
6137.83164386
3200.2623052
2061.99077935
1327.11693084
734.196700442
380.897932581
206.00846653
121.179840496
