42.433228513
104.120421762
106.379348154
102.923128586
131.538000281
74.6245712283
355.464699495
109.701940525
203.126713703
32.0941899438
86.0469060909
201.102397299
157.776430768
175.938436234
73.4885423504
79.7226866953
45.2895821214
39.2918244604
107.660424988
65.4330528042
161.755374598
77834.9445183
125465.127611
34522.1665087
23178.2596468
26104.3216015
10329.3107954
4640.57275993
178010.822296
115319.589786
46459.5089919
33809.6284183
43535.9119631
26043.539003
212799.450415
93731.9682885
8787.87469526
47084.3383996
37175.5947949
14706.5361133
54108.1396728
137748.502448
139517.113119
65338.3168492
40909.634875
11483.2048641
23827.2877327
228372.548437
427554.150878
344959.925832
260264.435838
170343.123931
86660.9596676
48036.9582305
33811.6211243
19640.9454259
10362.974956
7909.7602225
5460.90430117
3182.45166138
2420.62018734
1221.71576261
611.954112411
542.016354196
189.45636705
129.585136342
32.9221102761
147.428532639
