58.7811750125
169.26550847
76.6010812599
158.584309638
52.8221990021
176.604221955
85.8549487888
20.5290328221
104.291912061
101.540242053
10.4772186479
205.139830465
143.028206853
169.894581498
155.078059358
62.3625201885
79.6421575939
109.309451295
41.1870325461
198.85814969
122.704265997
214246.929379
89392.9981095
37158.9260558
44744.431216
9310.1804946
11660.3616185
3893.53133222
176001.821033
89791.9892334
78336.8433032
38738.2394341
31131.3092347
14465.8677974
359260.255954
35627.8053029
38485.9568952
75087.7582184
29977.5392066
32329.0260534
73578.8318219
161784.459838
58415.8595014
25152.3660877
42341.605645
15112.4255795
10102.7407939
428505.860265
374176.956316
316400.481524
182289.701195
132473.404134
82471.5408894
33642.6158685
23643.351011
20856.0655
10572.1572608
4485.29768572
4938.68687306
2768.00875982
1662.13818707
1156.45719884
677.78594179
321.239383373
284.545019577
342.782291561
162.182086693
79.131241352
