49.6466070404
39.9611815073
130.386526914
140.112269646
139.512136669
117.816436267
195.827864085
6.76881792101
189.649507908
146.769956601
93.7033222097
119.969084647
102.09953984
111.66937505
178.192428231
90.4095105971
232.27674224
118.114701551
80.934980961
273.434890334
131.312256609
118415.82785
93906.3818835
40214.0337927
26165.145365
7677.10904713
8114.1053046
8122.93751721
186594.357504
122607.190871
55331.6301784
60524.3400995
45391.252293
16420.5487197
142600.779349
230700.694247
150157.393526
127591.852143
78117.7923929
61129.7753193
72086.8139183
229495.230539
86506.9920881
23997.5726171
17801.1181285
24867.7311899
7411.64175422
320437.573951
260007.953816
222736.047673
176787.708683
104721.976337
64294.9290745
33608.337409
15466.7638012
16832.5449911
6558.53149058
4839.18827621
3215.48207637
2573.91442807
1556.28299664
660.415675866
609.853103993
396.064961093
67.098392282
186.723025581
98.5527449497
43.3844954618
