24.6123008303
883.070080126
350.317483936
782.172258693
1810.47538196
1003.41512381
651.659958778
562.346011462
651.987515438
782.042997698
702.436767457
1523.57141589
456.827996632
796.550771561
1229.85535967
411.418093378
1090.79948799
720.231615051
1282.48130591
595.336591147
479.941182541
127893.681777
98912.1512612
22899.1433208
50704.2252588
4223.01564181
6180.76004635
6284.21843865
64811.0916462
51976.4484716
12996.2652919
29658.6201034
4525.50501427
4761.69839162
26471.1830355
69604.0092027
45687.1548621
55479.168913
16073.575744
29473.8172756
52009.0815258
86531.1590809
37439.3767085
16829.3228395
15049.1349737
4989.44593521
11082.1283002
68349.3013986
70970.0736345
118500.670069
102273.955048
8718.63940399
16886.1037126
15712.0778605
5732.85368364
646.999068639
1493.70423239
876.388049627
188.929997159
1082.15606972
922.950013194
862.172820725
864.95416577
818.872273975
963.013545406
278.503516586
550.958308732
437.111584662
