29.623423717
162.604220236
189.167076272
103.406657515
124.817614096
153.816336337
77.3435819162
196.900002915
31.6194091244
30.4622401413
168.342837669
69.4876636979
141.4783135
116.953947881
226.953785081
155.603353475
49.0081976231
102.145699488
38.6939888565
94.4062934886
89.588884401
51715.8290945
56191.1289816
40153.8650513
16839.4978078
21888.880264
4143.0377567
6520.10279668
67393.726795
47877.962815
20073.5558763
21187.5181381
18827.5338974
7384.44083441
174613.696011
44625.5219157
58100.7208963
42422.1873351
26424.9603774
2676.68885501
47587.5864079
103930.325611
50994.4552341
72588.2969349
23009.8609498
15228.2546815
7865.0972133
186667.726601
154834.012655
135305.903006
96218.986152
73878.2478343
36560.9245963
19929.5183709
14341.0503901
9104.58398872
5479.49438518
3267.46711888
1756.03874225
1319.44472369
675.616785756
489.592615388
102.844937327
91.2475555772
152.166606379
18.8573883887
235.987093181
66.2589870169
