14.3243255252
87.0829889949
89.6001212398
47.3550589436
119.103570595
89.0261464723
95.7658143811
90.0561962676
163.491090407
108.006717389
101.2057261
239.397661184
26.1310073949
151.639717996
21.6472695568
155.674600799
71.3947883005
215.460390308
38.6384653639
133.001546575
52.2506163478
84895.2708911
42269.7535973
26416.7935308
29212.0724762
3054.23029923
8530.12514419
4882.86744527
130403.305796
10853.1934891
15916.0957139
36441.7831389
15141.8418291
9312.62289155
43935.9294472
71160.4466238
33019.160478
26100.8251687
20627.9556988
22233.0767622
28719.9764446
80128.8203748
33747.3956513
27141.2155889
35171.8471347
12273.490775
1740.58104068
41005.8102602
78712.7988142
51662.234962
65614.2488217
36871.6276434
12717.5193811
13397.9886117
6741.89930768
2444.49757969
3284.86775845
1345.50133288
616.501162418
657.617329699
243.297237283
117.40788452
164.596887688
140.379490485
212.931485183
87.4436244749
110.799941664
167.391460967
