4.28881781431
69.5945894489
133.71835174
230.79088799
47.900705221
149.122835148
122.559734612
127.495439063
268.635224789
71.6214184912
193.855451869
99.6784140448
122.734384753
77.8636444243
96.3143621263
186.593937486
88.8130147412
43.5549365512
127.310638732
84.2027289815
84.8860627879
56242.2622561
45282.9443464
41547.1655491
38356.7783144
18492.4655189
10630.2783061
5438.77725343
18618.7242244
44986.1108854
15909.8598323
20997.4417353
21836.0400345
6236.27301161
76434.7771156
21134.0904073
17942.4585307
46521.4916361
11858.5292077
11294.3608787
52825.1636999
37238.4923874
22193.275586
13867.2327476
5265.6262668
7702.32755673
4147.26384453
94860.8019404
114873.810055
97954.3444819
72694.3683871
47049.6725493
26466.4331915
8967.59807452
10667.147461
5528.43649953
4134.3861205
1602.5632004
1501.44030635
917.647896852
538.475016872
378.369455417
276.488151966
89.1611722846
100.851644683
150.808802769
168.341274053
175.103823386
