32.818160471
254.745910788
26.8466666361
206.270355684
99.8969702504
72.7162720918
115.6480407
246.899427205
218.326739569
92.1623626315
233.631965774
189.652779019
78.0104339864
104.469266878
213.541819508
69.9733301718
81.8838169627
120.43236264
33.9731227754
230.394118435
87.1869387172
693809.418918
806002.026798
845462.027744
679800.853024
411241.832355
259383.657198
155567.87559
70140.0665896
43732.826145
10467.9595531
54688.1785111
27590.0769441
9675.27627906
73850.5820491
105431.158578
81507.4525313
68413.8755972
34723.3402607
23954.8138855
62688.2096284
43655.3603676
33641.8825653
15190.0359375
12074.5323567
3229.82071827
1626.54165239
66032.6081845
99630.4646522
93414.650437
53135.1253991
49512.811494
20611.4973768
16380.1813578
5621.92339439
7645.92535984
2580.64250166
1987.08537995
1358.40749502
1346.5427712
422.741246036
364.958206758
133.730961238
123.941423238
126.194536005
92.7568429432
30.0133707165
79.6399213275
