36.1585728253
118.410160764
283.650553408
63.3853174374
158.538089546
140.314618627
59.3926048666
97.6578160775
122.895609604
104.537403141
128.132363401
116.204247264
129.201205894
40.50284907
102.499315962
76.2949506124
74.7556327851
89.0952484686
101.171214622
56.9215254003
51.5490377558
27166.7530817
30100.0836147
79164.0949822
60722.5537976
34776.5693308
21058.6033842
14654.6814834
550480.147406
301778.911194
128543.054513
272998.202637
229840.841049
113094.472452
58632.4411743
51533.9199282
86582.2570656
55472.9397769
7977.05115138
25432.9668379
69249.0817616
19349.4205208
39263.8455248
12706.7573225
11833.4770723
5537.8379348
1109.75656697
93283.2733796
89902.1442823
96527.2551606
71746.9851233
47806.2275854
26179.1906171
13279.680492
7970.46529055
6926.16233115
3223.57241724
1988.35105725
1149.30307333
880.101384075
476.71126132
329.27139277
239.548889201
103.932471634
100.894993339
88.7516092553
97.5274082556
81.6832967306
