22.6059490837
141.510441094
208.344264482
43.1713760125
58.1058392576
112.489474882
66.327617107
149.58001379
20.0722692217
74.12617067
62.5667202797
53.8481248897
20.8291169198
122.811285111
55.2027165687
203.571568992
59.7914331622
188.148611712
135.8675886
92.7749120832
229.247450633
36097.6788827
28714.2883215
61265.6500252
35619.8557004
17167.834585
14628.8059699
8293.54572799
32850.3597934
27169.0354984
25479.7326499
33035.103136
8656.5168885
7484.63280442
536949.331924
654882.331455
527989.866285
341422.376851
352846.204175
285865.24027
250109.817681
141205.558811
29781.7053799
58097.5235144
38585.6529753
18646.8432682
9561.00910441
127398.131682
85733.9319631
97425.7474861
59921.9427248
45169.6755692
20948.1201122
12514.5432883
5435.47581999
6910.27812759
1411.39692047
1347.40870565
1327.88699692
1099.01507083
529.113439659
459.490023029
161.095641306
147.724109875
190.331314596
171.211312055
110.377768157
117.653093233
