13.6078060761
62.1673361782
158.843718795
197.832922539
95.8345500998
53.5907612422
144.845491823
25.8467878511
38.7287542603
94.4690609317
52.9845560585
200.443302714
155.759027648
22.742904872
118.547718718
123.59911502
45.1633217386
169.15684804
95.2774278129
125.937077419
106.528197436
23857.029885
26955.5043504
19851.7501973
11548.3883937
5339.08112585
2735.29160542
2139.6091908
49076.2614266
13560.9388175
16049.1154768
6891.2298811
12547.323139
5837.59462462
99962.1176076
51153.3301414
51296.8736106
3274.98927709
11188.7220385
11703.1767022
31929.7744215
685286.757145
655585.426827
479238.778581
239189.178599
101759.021069
104128.958556
153899.144852
90083.6357346
72521.1211091
25037.5989687
20192.1816947
15194.0448617
20371.1338745
19261.3869119
8385.42522484
3475.97040235
1658.42814354
1369.0910616
535.835978275
383.28638797
336.602672654
166.647647225
122.552586261
160.958955469
212.352795404
66.9492765866
57.5572667849
