33.5659060678
88.3255588093
113.046428834
159.848427485
31.9759838272
80.2379748272
209.088442286
76.2874862566
108.673739907
57.7714702207
208.713503221
196.184236488
181.571383441
83.0805781351
61.1188734176
121.643437356
54.6502117879
193.785129233
101.719090264
187.816265245
105.428844175
13659.9929309
23390.4507232
25175.1444458
22929.0632384
5896.57830662
2736.12640631
1054.83054078
29390.6470482
4710.75764151
9964.51938199
10113.9989506
11145.522856
3688.10521858
40873.1410876
55066.9837936
32586.312949
19248.3168103
20481.5354495
11757.8008319
37538.9508264
96127.0957553
61160.1129257
49116.1244876
16571.0465812
11022.5804561
8833.93716208
567078.267932
828359.091791
725342.189204
416257.675158
316364.707071
273433.525206
273042.514602
184003.101642
95549.015988
45379.108892
25593.4456461
16772.5017775
10920.8723555
4617.31938364
1360.8369915
800.279759148
742.589616061
566.388407426
258.804577026
475.800005081
479.406211043
