38.6107896303
192.060034739
185.211947413
189.95467817
67.7214133244
167.354855855
137.916009904
184.023778947
64.3785440818
81.4037526673
58.7363786093
49.7076633596
27.0630837924
131.498006596
188.180676066
88.821706117
41.7473070615
137.559765123
69.8297201928
77.7615648493
54.6513062314
1648.19965253
8060.80286405
11470.7106099
19973.3079248
6610.26426171
6764.86644406
4841.21151956
20258.6119
17515.1701127
20706.7792677
17573.2067534
9635.16113079
2631.94267864
71198.2007789
27170.6331921
16303.2703313
20371.5340657
10959.7857396
1117.52415659
23795.322588
71532.4967314
45222.0056404
18051.4657323
5224.66228583
4726.75867275
3121.51993918
99901.8601565
29504.1644507
77867.9598352
42570.1809705
26811.2174812
10813.8421082
21831.2513865
10276.5901974
7508.70595508
2404.93781495
1973.78329673
921.437570947
1021.92171379
650.043087309
242.094016002
176.606718243
270.35524351
114.610354392
80.7219446363
131.234922268
137.64958231
