14.7139145609
80.6792052739
90.223198635
107.462528509
13.3060355329
142.450651054
104.634758264
82.5000274881
165.035337679
12.4329560993
17.1542712427
87.2449813681
117.382585169
78.0932054654
123.77022061
33.4008922163
42.0617023723
68.3012703899
23.7807230968
120.848951186
55.6033227075
27221.6493699
58764.3895816
53801.7584457
36824.6171753
15537.8050092
5731.45120307
1135.7881658
28845.3964062
10582.2240273
3278.1883558
9904.72693654
13132.0664772
3789.98610041
17348.8106497
37640.0789374
32363.708964
12197.8997864
15716.9731041
11343.9731308
29973.759141
30740.258468
22545.0215529
19305.0383874
3464.19463186
7235.55741019
4414.6502718
76668.9594581
31351.2059136
19157.4435042
23815.9682695
8627.91859161
14748.1105688
6639.39537133
7473.97605422
2284.01543932
2160.87650198
935.019070804
822.262637914
294.715345147
403.489095829
163.103113741
52.4772185189
162.932999609
7.20515835093
222.477303977
48.9528985593
210.914610898
