24.4907264323
614.569238768
149.910824829
822.203687794
1473.31457917
826.492733164
1094.53407339
663.613182804
420.047180959
938.383755225
600.502886419
958.054424215
378.578157231
422.892282729
533.498891986
58.4454309298
1303.38924755
568.960180971
1175.01038107
214.270355544
384.814538118
140918.506096
93331.2122604
13793.0253741
76631.9764509
3702.02484959
11830.5040569
2191.39228763
71857.3490109
89362.177884
26720.4667373
34256.0072101
6565.18029487
8411.51692163
37133.9587194
104809.382524
85986.5764571
32983.8685477
46972.66021
29721.7643849
48772.9108222
63403.8231025
18836.4547665
12325.1546403
17679.7825013
5313.22603137
7285.44978737
56574.3319562
122450.778592
114811.848013
103241.428918
26506.3106916
10840.2966708
13616.7215343
7903.96212149
1256.45236029
1551.09615665
571.029798579
855.201041642
536.242288064
661.526522519
993.998931577
941.73935978
854.002320792
874.986201884
446.499610545
149.08036861
358.630076479
