60.8556065617
124.433263696
95.0277520772
102.474950299
71.4042273915
86.9197269451
176.497167278
104.762595831
76.4743213939
137.862853549
29.7265313442
92.9983115013
170.33150537
61.5371287536
84.1038306692
73.4748081479
22.3070154522
109.647677538
86.8634218411
94.682410596
58.371268131
640186.980583
200993.517087
169895.610718
182322.734899
42593.6596059
45748.1654207
41175.546452
73157.3452746
6378.10203854
36533.2879917
15196.7898998
10259.0906203
9150.65136425
55668.506675
28129.940337
14493.6768289
9194.58669628
9188.47944322
5983.3663124
20468.2597788
23108.5688147
26704.8821636
16627.6275513
1019.76921028
5671.32319893
1924.69422916
38026.6594794
20759.1603289
32769.0414116
20151.8229335
12571.4083215
6662.63913545
7850.22122702
3438.84442159
2991.75459365
1221.1625417
869.138184276
336.365618483
484.53551599
371.847503254
8.17848477739
147.709733896
134.973410056
74.3686386981
195.115627643
41.0359236602
182.818531283
