24.1248871615
15.0259989152
114.890117992
33.6217084756
88.9365499464
151.150919738
30.8565141712
123.775624136
109.422286829
109.374575014
104.931964093
87.6162292659
49.5942754484
207.541119422
95.2706666075
24.3417328868
32.1102350276
79.0881788485
131.425063299
25.6925614165
52.7395311944
73481.6530728
72667.9457408
48913.2624083
46259.5674518
23706.089986
14481.701359
7109.57632286
406839.447872
227136.66075
130048.471189
138960.297551
51035.5834453
11215.3927681
57015.3065973
48989.7731976
34121.2836742
15134.6931795
16235.2249474
11263.2770029
23526.1687446
23830.690353
9805.88458587
14393.3346959
4893.84333766
3370.73564396
4214.13088951
67152.9598118
43499.5048553
21549.4437021
27351.4698705
7334.64533775
12930.8017022
50.4095345176
5646.46360938
1167.24443692
2307.85033003
372.448700692
740.953380826
276.835310471
104.563253868
86.8848025327
92.3806361955
55.0292327277
66.4719783428
263.946492615
138.152161029
56.6089182563
