24.9542846869
47.2302848057
101.063545862
102.083915192
71.0369750172
174.478118946
28.7251651458
100.953474076
195.048068872
139.125331458
158.509625068
91.8438736527
73.5031230609
173.855351354
101.448043498
52.7150335629
47.6277853305
160.165038899
219.759430898
48.8014775622
128.58983369
42916.6497702
17039.0250632
20057.658713
15910.85096
5721.17760948
6254.86164581
2108.57739622
49048.6527027
21730.0676397
25851.8336503
5499.82547783
1797.32218586
7394.78600763
546527.696509
218070.905727
65646.000639
126512.62342
78732.7249489
69030.0898498
22733.3990647
39922.7083171
22691.1901022
15853.480902
5972.27843081
2925.51502097
3563.64538626
73715.564782
11515.92805
4236.46535566
8530.07613943
6175.33364721
6764.5672331
3349.71516931
3397.34563552
1141.46568702
1313.57225892
482.4978454
422.763152292
124.9510663
157.997275243
109.811733973
52.3849341449
79.713929649
98.2727952936
57.4310788828
55.1140550427
121.340148172
