38.8897309762
105.746974933
82.856463608
52.3545085774
152.628121473
90.1508744291
127.026046535
114.470546761
236.27592542
134.954513176
202.368593185
148.329770668
105.841383311
225.797525178
154.995462051
78.0382659531
75.6758124316
175.617221702
64.208198616
77.1069865849
100.808007468
30260.9953727
18360.7336101
14331.4053303
14395.5351347
8308.14433031
4428.53461996
3470.03231383
52234.204539
36046.8148596
11638.8598701
8181.81824486
8447.16396241
4088.54727309
34016.2124509
40462.959638
40164.2945824
49112.3063646
33641.3345402
24639.6320051
21860.8350258
507868.617854
201198.792159
159517.937882
107441.438549
81453.9601923
29090.3170665
59318.727712
48787.4702111
23786.2981205
29642.0582032
11814.3586747
9154.70132509
4246.41024519
2264.53236458
2623.24973114
1071.95390469
713.614837865
515.302251347
498.468156957
307.423754917
105.928736946
31.2326898549
123.571730602
96.9763237111
64.6797968019
98.2915488448
139.990694212
