23.4883564362
42.7673222118
199.260060745
73.1311493634
88.0485965605
9.92703040194
104.959157877
119.415860917
16.8474300042
61.1903077533
81.8746565069
176.113177872
50.4143638305
134.043689689
55.3516319288
128.762455181
105.733112954
92.2648417092
64.2845009262
110.729076922
114.56652984
15366.9768882
8577.16832343
11965.5380716
2373.58785631
5407.81909186
1880.43236088
1277.69145911
36345.0241393
14742.4413385
16579.0101191
4327.81575805
4196.1056313
1248.04925003
4830.35997097
16107.0025171
26304.6798267
13102.1852849
16574.5958342
8124.22944487
15212.0965057
41907.5788665
14859.8911825
4969.64445316
10862.3258108
2469.96332478
7366.46146509
48298.7441564
91838.9299574
21753.4613523
26523.1728872
13830.230276
22680.753355
1424.07779109
3035.22996492
1068.36683367
1251.23006655
1602.5330656
956.985122515
262.828479998
93.6783975641
183.923488949
275.716779415
177.012155434
41.0518059299
141.072469493
115.421459059
86.8884051272
