25.5161798627
54.3363780758
44.6811350342
68.4759608814
200.414911758
113.721212866
70.174414251
206.381157326
78.4509706809
116.254262169
123.28512022
201.078831187
72.3836103927
60.1468240488
51.0341262852
114.476134989
78.3168304802
69.0553060623
74.6601093662
166.047787276
65.7305428709
144972.061378
59408.0689554
68879.949568
14886.7197631
19667.0013831
9728.91019525
3669.07137989
13107.9154554
30348.4300898
22552.2731681
10419.0494128
5867.01672878
1173.07739019
17825.0371473
17872.6527154
26536.7185327
15371.1891794
16568.4968679
8974.53719945
11098.6025062
27078.4932417
15471.8714239
4042.43257361
4170.84708769
1807.99990959
3875.47726011
32688.9384318
33040.5243268
10879.1609941
13023.9514294
6391.48738204
9063.6722235
1675.72201416
2691.07739112
407.251159058
1164.89390829
84.7176766833
151.848357877
115.603509208
296.928720978
76.0211306177
45.9772280268
71.3143242501
187.862521065
65.2635869371
152.880659179
14.4360771148
