32.4232436892
65.4866285285
90.4325908975
72.8399229708
50.3786276301
33.4457989555
68.2193334009
76.1156729443
155.860390609
90.2033193034
117.08873056
35.3669276539
105.50737543
77.1090933267
96.2220517822
62.3095125493
71.7817459024
75.8550644423
145.623345618
118.731667274
72.9813386918
61542.3222478
28651.6042876
12586.5290477
9429.33155985
2995.17886144
2591.5404255
3294.42717218
261151.114565
79864.0044898
52728.789722
43167.4986645
5110.24557723
8772.03648762
35915.4283216
33067.7163998
10433.4535788
29261.3084875
8452.89493327
9335.09633479
6296.00635982
11129.355965
12429.3630359
1819.18161395
6953.56311181
5699.46944744
2289.39196126
32553.5825817
45598.1489079
37663.3761674
29726.9317738
21090.8673848
11614.7121057
6132.74669643
3908.80648479
2353.0114799
1131.53997016
630.57787037
436.885440148
437.027509135
227.07472318
232.0922622
32.3187333646
70.2493916654
120.158381962
63.8127282838
118.247727043
34.0288020596
