44.0278350461
146.686252399
74.9046789228
68.2409479155
77.411581695
91.4824688065
98.6005923329
88.1678320649
170.425249009
53.9666262527
157.196032532
59.3661298704
57.527156386
53.1115451156
171.517710109
162.675984238
44.0908996835
110.57350257
14.0981082048
106.738384513
20.3338815836
16070.4269172
13104.2603801
2614.37221936
7936.11767115
3034.35982209
2358.81198837
3021.72748273
36691.0604602
32798.8304
16443.6399667
5061.34643952
9542.62924514
4791.42300339
107275.033861
46169.6818991
40748.2211721
39379.1600424
15100.2628123
7514.76614539
10045.4386842
13195.7015242
9229.59199312
6105.34173444
2721.17869628
3736.26315524
1789.34223451
21959.3266549
33829.0281377
25059.0071094
20704.3897918
12317.8553444
9342.5655911
3828.00293532
3203.20542024
1450.12246016
1115.7448854
327.370433433
351.395899103
257.313483467
140.563405466
193.350999463
132.420200272
97.6533264517
19.7972496046
100.124009476
155.261529809
120.038562327
