33.9349403067
51.7079810784
62.1819331705
33.5887411755
144.622629366
109.687037058
194.991774084
167.843649159
121.170530809
47.3388064241
88.1733569637
90.7584207766
60.179083364
140.835359596
146.267132902
101.957518138
24.2976826482
134.894284219
128.560487599
132.191486567
88.3623503512
29819.5522283
16191.424036
3668.59555348
6365.28942824
2673.10296008
2532.78768375
2803.7275144
8563.13716465
14365.1555939
5670.08141977
4337.19844366
7894.68157411
3524.90634232
48714.3219264
31324.2444688
14567.5825373
17780.4898419
12250.2576149
8742.33682236
8214.30300738
176571.699707
70199.9469804
39779.9800798
12351.0478621
9364.6364427
2812.7705153
33788.7546038
33910.2955047
27045.5735922
20951.0986428
12513.1555565
8919.74821887
3669.39247861
3051.33308216
1838.62524081
1221.07955333
448.511258678
233.482350815
265.478270979
190.766138247
184.923007547
223.259876088
92.0165996408
28.3764762617
181.859717629
8.47160356836
85.9763717677
