39.7603794042
119.208168586
28.6953156123
69.3462608268
84.2216938864
134.245538223
31.3292411324
24.0903795359
135.930154117
23.6338235283
31.6759535391
48.7001387375
122.20343487
31.8894823671
106.020677627
57.0161394435
116.139009853
123.987210279
155.35406552
64.9420816926
68.6362990139
42962.7713219
91816.4262664
43694.7100203
41520.7739991
18480.4955313
7201.65490536
2025.0033451
3551.94972655
9739.84525637
6092.09785884
5444.94875538
6533.6931521
2114.67816966
24986.2551395
23820.2762639
9795.69963258
14613.7211465
8059.9317907
5750.51904873
12125.0377525
38732.229102
26190.9588831
16045.1636964
6463.93070577
1270.79626523
274.625672956
13341.5021703
34389.4325675
18443.1459125
19976.8858455
14499.2825411
7882.82297895
4770.40373477
3858.79232539
2342.67635708
1113.01797083
453.440295373
260.596375293
291.090873122
187.245272924
135.840344416
73.1305131726
83.255153843
132.237788047
116.101294292
133.550789051
92.2157610154
