20.0898577736
709.478434303
457.709601152
705.063092947
830.860104475
598.46613182
1321.97823422
672.906835901
290.99671363
847.709102557
335.365847657
962.084264774
878.214652192
367.442680331
458.381580962
230.778715471
1370.31826581
480.766743686
929.540824205
264.502985904
222.244345604
145261.036124
72855.0099413
44195.9012742
91689.8040815
7184.970421
12824.5531484
5430.58997051
75557.5179257
101946.822103
46511.2220122
56580.381408
6019.06103867
9946.72309823
51132.6802075
113796.082303
107272.028636
18729.5180079
57003.0253365
33054.1700402
54218.2262356
23557.805156
34215.0136572
29752.5707373
15135.8444221
11333.5222183
3655.29706171
39863.4205608
157623.741716
89754.0155444
94301.0165027
50984.4951225
14442.7640671
7926.34726717
8916.74657851
2538.52005925
2065.12528484
268.85103552
1677.71648752
603.511042507
674.384087475
1156.68956712
860.669862783
719.68952083
573.935461979
545.306606215
360.518032306
426.420541511
