26.3782186996
108.725286785
96.0064936437
28.1151623193
50.2831004342
97.8156809035
58.8441885649
74.9084705939
215.352263405
85.4533337355
74.5627683546
86.1964325431
79.0631478193
117.574079317
96.9237876036
38.7460024862
114.280335749
47.1503659529
101.640098845
135.388851271
80.7239065132
9596.91015747
17114.3858643
4769.18645328
4192.14902686
2139.5851921
2182.79002116
394.298573324
46924.4157055
97340.3858878
56382.9347669
37211.1623097
13408.2505404
10158.0803725
35131.8584296
19934.0793319
14253.1780378
6304.37156377
6792.15485147
5005.44820243
4184.64330235
14748.8363224
5672.14938464
1112.66415228
5061.4524284
736.881406006
1605.71829218
26047.8770045
11994.1743732
3050.30718207
6996.43622906
2280.52962248
3892.27271954
1339.00782881
810.775918014
103.838580555
498.029075153
69.089832603
101.792347549
84.8001393485
73.3522877076
85.9902746083
37.2240447345
65.9372768226
82.6593662447
122.839715802
62.525553997
118.220374931
