15.7316275466
84.2859007386
53.8768121409
129.41127626
70.4862008056
74.496676983
33.7936086623
120.254377828
132.30358813
90.8703064639
26.844886301
63.3933805709
36.7593076713
77.2266391916
139.299783962
81.9284108628
31.6547581732
71.4337844701
51.035490771
32.1055921897
148.677772187
18011.0235153
8484.54739894
8396.67538849
4653.47488079
2088.28201661
861.988515443
2098.26287754
5673.69644661
8953.60232744
4561.60880204
7568.19059364
4116.63166297
1384.97076463
18566.7927145
107010.901626
48524.0728222
43301.4878414
27931.1716569
12220.0850895
17881.8148135
10101.5224012
7439.58212719
6716.49962664
3719.56012925
553.719410729
822.126423907
18988.6498045
33215.1698268
25557.2246178
20039.3747106
12586.8172744
7272.6448581
3840.83346446
2141.7475339
1525.34568155
870.679338548
411.878348903
246.482730781
288.870881872
235.70062593
74.3603357587
90.0407696581
58.1193615406
85.8500385984
5.89846540888
121.405177758
26.4783192799
