40.7256635042
62.0645959364
59.4121088472
92.0019401213
75.0534034175
106.539896493
42.2300256708
105.552435222
181.416769189
126.736851526
95.5064206728
67.3874625245
38.1988242984
26.3834618294
88.9175531596
85.7372722956
92.3021262468
64.6921224992
42.1911337582
125.519624041
70.5643300542
22681.8465978
44727.0772641
23250.9864459
5004.13975033
1215.06661835
2048.75618992
2454.80646892
590.251551886
12818.8127553
6824.81757565
4883.57416665
4077.16845032
1471.40503682
16901.5521655
16756.5582254
14158.7676642
12979.5099201
8152.13045947
5955.32664621
12830.2313294
40828.4545771
67380.4730594
35103.4508637
24450.7532494
11882.9607311
3799.23390979
15748.7232353
21731.2899473
17129.9679522
13747.8459865
7779.32630612
5459.16950208
2125.3478912
1724.6640295
861.82728033
735.661895525
252.39248154
153.713590545
69.9706035483
265.973024072
192.538400206
120.84040048
143.279343232
111.772682936
109.934204434
41.4725604876
80.5951009419
