16.0263411762
150.867829783
76.634633534
92.7667638825
140.260855208
26.6317287705
62.1635235844
28.5946904724
161.648676764
96.5706232174
116.819323805
84.5638566838
158.150478742
61.1790245634
163.156412438
153.358045325
38.8027330988
41.5335571848
131.480042871
92.1359334117
83.0975265948
8367.57950537
7962.73804032
8123.27578809
5020.25972119
2106.64926127
526.870499197
482.865624913
20343.5456203
12494.4718267
6566.46052601
2270.47834949
3326.59381122
1609.46347544
12528.9555795
16513.1740606
9171.61438133
5287.19941983
6839.56936134
2033.52877773
5974.09221638
15843.6222517
7229.14118566
5506.79067751
984.647593596
453.415811039
1783.90627548
21012.1588271
18788.8858562
6958.58727961
6563.92769174
4771.76992057
2070.65664882
2001.48160184
461.802375612
841.187581652
482.987989905
58.7719537454
61.8325664399
146.857411431
83.9051408527
43.0026345944
67.6067096822
48.3475537635
144.919232349
102.518030372
35.5661133651
141.808411198
