38.9358847929
87.3737805862
57.4253534878
61.1881391078
37.3799949695
46.8332277982
52.5008003248
156.132119062
66.3805257884
46.3137137775
25.5555662023
71.6701798568
89.727888572
15.459079512
173.212591443
98.8116593171
145.086382667
115.142593171
127.245453773
35.9353536958
177.166583029
11124.7486588
945.032283514
4209.00840722
3336.43893006
1640.16938183
1139.1193304
1785.56890231
13238.9585435
11482.6158455
4115.23916982
4393.51339652
3285.75190215
585.871025213
63934.1984981
32856.0548737
11259.1650508
14201.662535
5636.90109312
5600.63948602
7494.28838931
5329.50713696
3610.49631811
1719.34478968
2532.30541661
1540.61643777
383.520644482
14399.3712657
20355.2835444
17279.473917
15039.0744354
11639.7983041
6077.19577119
3102.86922223
1996.23904543
1266.42751241
714.314998002
443.719336777
298.095118658
300.902557219
419.636577182
87.5570027324
84.1661486359
55.7265409479
42.8036336697
11.8877147925
57.6682844625
117.084275381
