30.4835711155
47.9456210545
102.341539788
47.6970190996
14.365921832
74.3700455282
99.9907201635
82.9016784997
95.3260125263
118.768506099
77.4001076114
119.616510725
58.143271335
19.3182320815
66.5788675901
94.3148334838
41.5076240612
195.486906041
57.6197412598
79.6269901067
145.312144623
57491.7704422
8282.76301837
10728.7761861
8163.86170692
2378.23955746
1230.91037522
694.287179688
15603.8513948
5051.79984157
1336.4768183
1563.56714235
2843.81222174
1108.19605906
3745.22625251
15239.8859885
6527.66194355
7855.08934303
5187.6424372
4413.47308882
9959.04034724
37488.9475576
22387.0458067
4360.88597675
303.940861996
1275.41887782
2080.68932575
15343.2420926
9375.69258002
5483.09933691
6264.31848414
4223.23293083
3365.00858437
900.228857744
834.764151587
404.33262685
470.184005079
169.857026023
53.4215881936
220.523480532
32.6748659019
54.0410944535
93.5930896622
49.0866215838
115.674448739
105.647293144
87.2683117174
100.411034486
