24.6025733206
30.8404930262
18.5788345361
58.1800776356
52.8454047646
31.4277190846
52.21774436
81.954878055
106.290082922
13.6118454081
72.5464650007
11.6929425729
109.936274315
7.10365070749
35.088098076
23.3704112984
36.5033923274
123.189547517
79.3987507464
84.4915334996
33.1637740031
2518.49671164
7808.25553247
2284.43196895
3687.74663439
1522.38707037
1146.38230599
1516.14565207
54143.8244006
15927.9167394
11252.2795933
4592.3425588
5406.8034967
521.402275914
19974.6598005
8941.73419395
10826.998889
11474.8552871
3299.10433688
4268.35126857
5113.04628795
15580.9364936
4648.25927104
2272.19432566
1446.35295042
949.425061614
29.0674918307
18735.9787987
20073.8796977
15379.1758974
14082.3130352
10106.5038016
5813.46256862
2779.05939084
1737.8384191
1064.58143224
548.161899404
222.705268147
309.50485768
200.204867953
17.7498191246
273.778926375
69.1177100645
145.150250119
114.012841888
84.7433470777
55.4896590152
119.327563663
