43.7314698803
113.070814619
270.617770192
106.855884677
51.3248475492
164.627374365
169.970195515
52.4976522415
305.205635243
34.7163440675
51.3642866109
114.615478452
81.7955305833
92.3203638361
55.4355290896
127.592403287
60.9570294465
51.2715191015
90.7211460677
28.7636744575
139.362282625
22183.12225
11551.1628178
1873.68707414
2226.13310348
1559.45429553
1173.85950953
1256.54943553
11058.7938686
2863.56501835
1272.97354636
4118.53126858
2915.91550511
467.190221979
49665.6978566
30053.5055893
15625.3028731
7346.77905081
2128.5523081
2786.92063276
3517.61240002
11308.7920109
1424.59595668
2150.07432021
1389.74160544
763.201013238
753.899200611
30027.4627556
8110.64305497
20906.7233178
10626.0712286
7102.20325194
4016.97383952
2349.92593903
1269.69181603
928.988301589
546.285175718
281.554859568
163.509970879
64.6136213519
24.134037682
48.5658005658
219.878142816
114.663951816
178.886172797
90.0676749282
62.9827329799
83.4077903389
