15.9302475087
919.536059816
686.365512371
352.952466766
531.318213892
639.628450411
1220.7967256
461.304766285
476.541066746
492.890845523
131.925097027
1446.3299544
1150.22617161
436.352068991
1278.12429004
321.905767939
1325.64999904
421.242890274
585.787497562
647.544910719
152.139608903
135205.81683
51143.1713595
97791.0854171
93853.2600612
10314.1916642
9193.24608297
11255.6210738
76805.9177
79825.1895733
57753.4113488
87822.7532229
11193.3738646
7327.8020725
59256.463894
78320.8901195
83216.9593664
50360.9989654
35182.8927675
33704.8289557
61096.8398964
14683.1670453
62839.1174442
53858.8673704
10081.4222131
10495.8117732
9847.38199295
23892.8982427
163839.074082
81082.1840931
100417.866567
58314.0279055
25017.313625
14315.915199
8548.58087328
2936.72616596
2032.47613085
1219.38722864
1851.5375244
1312.88970993
833.435228034
1190.15481429
619.509510305
524.97415356
176.041886754
556.928293553
849.777919563
571.117323237
