0.311403718
0.112053359
0.209126744
0.047825236
0.174794442
0.210620669
0.184819052
0.171156149
0.100166916
0.230676264
0.16289544
0.092087648
0.049477042
0.181071817
0.230313787
8612.645551
8437.960908
5851.982469
4029.441218
2536.561562
1385.902842
1166.204441
1087.561081
703.3454134
570.979183
482.959439
440.8184224
402.8913261
398.3058053
396.8843051
390.2869226
380.4229646
360.150988
338.3752786
319.7445651
293.9299199
232.4731185
165.3284722
108.2410281
69.51025534
45.77762477
31.21963156
19.14428802
4302.13299
8962.563832
5460.833719
2653.143989
1253.333365
702.8163674
1110.825053
690.0773558
461.9807089
282.6214757
4107.433165
9133.008667
5847.669967
2974.488359
1395.481462
572.0699611
1054.84687
770.4588242
523.3325958
324.6725533
277.1724441
4990.819291
8881.179047
5365.271251
2610.631109
1218.852574
3704.715092
10492.00828
6748.556072
3686.909666
1757.612364
4764.969296
9217.946585
5619.664047
2859.776833
1585.172097
841.9513686
1188.556917
837.7912168
557.7460017
350.0346215
294.7940747
